SUBJECT	 TRIAL	 SOUND	 RT
4	 1	 tt1t25n_2500.wav	 2.297432
4	 2	 tt1tp5n_3500.wav	 1.085461
4	 3	 tt1t1n_3250.wav	 1.641015
4	 4	 tt1t6f_5750.wav	 3.863486
4	 5	 tt1t6n_750.wav	 2.025259
4	 6	 tt1t2n_2750.wav	 1.949084
4	 7	 tt1t3n_2250.wav	 2.454115
4	 8	 tt1t15n_3000.wav	 2.468690
4	 9	 tt1t25f_7500.wav	 3.494058
4	 10	 tt1t1f_8250.wav	 2.741009
4	 11	 tt1t3f_7250.wav	 3.966551
4	 12	 tt1t2f_7750.wav	 3.819028
4	 13	 tt1t15f_8000.wav	 3.362087
4	 14	 tt1tp5f_8500.wav	 1.720952
4	 15	 tt1tp5f_8500.wav	 2.714170
4	 16	 tt1t1f_8250.wav	 3.131721
4	 17	 tt1t3f_7250.wav	 3.823966
4	 18	 tt1tp5n_3500.wav	 1.476251
4	 19	 tt1t15f_8000.wav	 3.207845
4	 20	 tt1t6f_5750.wav	 4.116189
4	 21	 tt1t1n_3250.wav	 2.317891
4	 22	 tt1t25n_2500.wav	 2.732452
4	 23	 tt1t6n_750.wav	 2.160487
4	 24	 tt1t15n_3000.wav	 2.545669
4	 25	 tt1t25f_7500.wav	 3.560388
4	 26	 tt1t2f_7750.wav	 3.031439
4	 27	 tt1t3n_2250.wav	 2.635502
4	 28	 tt1t2n_2750.wav	 2.378068
4	 29	 tt1t2f_7750.wav	 3.064853
4	 30	 tt1t25f_7500.wav	 3.495649
4	 31	 tt1tp5f_8500.wav	 2.766381
4	 32	 tt1t15n_3000.wav	 2.754594
4	 33	 tt1t25n_2500.wav	 2.798533
4	 34	 tt1t3n_2250.wav	 3.368005
4	 35	 tt1t6n_750.wav	 2.212105
4	 36	 tt1t2n_2750.wav	 2.338773
4	 37	 tt1t15f_8000.wav	 3.723993
4	 38	 tt1tp5n_3500.wav	 1.221623
4	 39	 tt1t1f_8250.wav	 2.339843
4	 40	 tt1t3f_7250.wav	 3.287560
4	 41	 tt1t6f_5750.wav	 3.702627
4	 42	 tt1t1n_3250.wav	 1.770844
4	 43	 tt1t15f_8000.wav	 2.419697
4	 44	 tt1t2f_7750.wav	 2.178498
4	 45	 tt1t3n_2250.wav	 2.289028
4	 46	 tt1t25f_7500.wav	 3.052933
4	 47	 tt1t15n_3000.wav	 3.006309
4	 48	 tt1t25n_2500.wav	 2.322368
4	 49	 tt1t2n_2750.wav	 1.648841
4	 50	 tt1t1n_3250.wav	 1.234430
4	 51	 tt1tp5n_3500.wav	 1.061274
4	 52	 tt1tp5f_8500.wav	 1.808758
4	 53	 tt1t3f_7250.wav	 3.449529
4	 54	 tt1t6f_5750.wav	 3.568424
4	 55	 tt1t1f_8250.wav	 2.644582
4	 56	 tt1t6n_750.wav	 1.131452
4	 57	 tt1tp5n_3500.wav	 1.036155
4	 58	 tt1t25n_2500.wav	 1.575278
4	 59	 tt1t6f_5750.wav	 1.794850
4	 60	 tt1t2f_7750.wav	 2.801459
4	 61	 tt1t3f_7250.wav	 2.773558
4	 62	 tt1t1f_8250.wav	 3.249567
4	 63	 tt1t6n_750.wav	 1.136345
4	 64	 tt1t25f_7500.wav	 2.566868
4	 65	 tt1t15n_3000.wav	 1.815880
4	 66	 tt1t3n_2250.wav	 2.121222
4	 67	 tt1t15f_8000.wav	 3.223450
4	 68	 tt1t2n_2750.wav	 2.040987
4	 69	 tt1t1n_3250.wav	 1.321901
4	 70	 tt1tp5f_8500.wav	 2.018860
4	 71	 tt1tp5f_8500.wav	 2.790480
4	 72	 tt1tp5n_3500.wav	 1.085157
4	 73	 tt1t1f_8250.wav	 2.536788
4	 74	 tt1t25f_7500.wav	 2.921891
4	 75	 tt1t1n_3250.wav	 1.573994
4	 76	 tt1t2f_7750.wav	 2.489586
4	 77	 tt1t15f_8000.wav	 2.799901
4	 78	 tt1t2n_2750.wav	 2.724241
4	 79	 tt1t6f_5750.wav	 3.357393
4	 80	 tt1t15n_3000.wav	 1.865603
4	 81	 tt1t3f_7250.wav	 2.218541
4	 82	 tt1t6n_750.wav	 1.331746
4	 83	 tt1t25n_2500.wav	 1.794026
4	 84	 tt1t3n_2250.wav	 1.573585
4	 85	 tt1t25n_2500.wav	 1.654489
4	 86	 tt1t15f_8000.wav	 1.994025
4	 87	 tt1tp5f_8500.wav	 1.688526
4	 88	 tt1t3f_7250.wav	 2.249550
4	 89	 tt1t2n_2750.wav	 1.344117
4	 90	 tt1t3n_2250.wav	 1.592778
4	 91	 tt1tp5n_3500.wav	 0.951038
4	 92	 tt1t6n_750.wav	 0.773230
4	 93	 tt1t6f_5750.wav	 1.563131
4	 94	 tt1t25f_7500.wav	 2.921726
4	 95	 tt1t15n_3000.wav	 2.080528
4	 96	 tt1t2f_7750.wav	 2.476038
4	 97	 tt1t1f_8250.wav	 1.562728
4	 98	 tt1t1n_3250.wav	 1.046336
4	 99	 tt1t1f_8250.wav	 1.423133
4	 100	 tt1t1n_3250.wav	 0.888101
4	 101	 tt1t6f_5750.wav	 2.187449
4	 102	 tt1t2f_7750.wav	 2.244824
4	 103	 tt1t3n_2250.wav	 1.349669
4	 104	 tt1t6n_750.wav	 1.043697
4	 105	 tt1tp5n_3500.wav	 0.847283
4	 106	 tt1t15f_8000.wav	 1.128131
4	 107	 tt1t3f_7250.wav	 1.821978
4	 108	 tt1t25f_7500.wav	 2.335036
4	 109	 tt1t25n_2500.wav	 1.586853
4	 110	 tt1tp5f_8500.wav	 2.043656
4	 111	 tt1t2n_2750.wav	 1.594228
4	 112	 tt1t15n_3000.wav	 1.229708
4	 113	 tt1t2f_7750.wav	 1.689286
4	 114	 tt1t15f_8000.wav	 2.802245
4	 115	 tt1tp5n_3500.wav	 1.107489
4	 116	 tt1t15n_3000.wav	 1.319080
4	 117	 tt1t25n_2500.wav	 1.573088
4	 118	 tt1t25f_7500.wav	 2.523366
4	 119	 tt1t6f_5750.wav	 2.484496
4	 120	 tt1t1n_3250.wav	 1.269706
4	 121	 tt1t1f_8250.wav	 2.145437
4	 122	 tt1tp5f_8500.wav	 1.671785
4	 123	 tt1t3f_7250.wav	 2.931324
4	 124	 tt1t2n_2750.wav	 1.977996
4	 125	 tt1t6n_750.wav	 1.584495
4	 126	 tt1t3n_2250.wav	 1.539971
4	 127	 tt1t3n_2250.wav	 1.545942
4	 128	 tt1t1f_8250.wav	 2.224399
4	 129	 tt1t15f_8000.wav	 2.489373
4	 130	 tt1tp5f_8500.wav	 1.728097
4	 131	 tt1t3f_7250.wav	 2.816918
4	 132	 tt1t6n_750.wav	 1.498079
4	 133	 tt1t2f_7750.wav	 2.821799
4	 134	 tt1t2n_2750.wav	 1.668411
4	 135	 tt1t25f_7500.wav	 2.656033
4	 136	 tt1t6f_5750.wav	 3.257222
4	 137	 tt1t15n_3000.wav	 1.504132
4	 138	 tt1t25n_2500.wav	 1.563617
4	 139	 tt1t1n_3250.wav	 2.017910
4	 140	 tt1tp5n_3500.wav	 1.069715
