SUBJECT	 TRIAL	 SOUND	 RT
9	 1	 tt1t25n_2500.wav	 1.763817
9	 2	 tt1tp5n_3500.wav	 1.580697
9	 3	 tt1t1n_3250.wav	 2.123168
9	 4	 tt1t6f_5750.wav	 3.854632
9	 5	 tt1t6n_750.wav	 1.877618
9	 6	 tt1t2n_2750.wav	 2.145401
9	 7	 tt1t3n_2250.wav	 1.847772
9	 8	 tt1t15n_3000.wav	 1.550152
9	 9	 tt1t25f_7500.wav	 2.927161
9	 10	 tt1t1f_8250.wav	 1.771177
9	 11	 tt1t3f_7250.wav	 3.972285
9	 12	 tt1t2f_7750.wav	 3.624505
9	 13	 tt1t15f_8000.wav	 3.311450
9	 14	 tt1tp5f_8500.wav	 1.606469
9	 15	 tt1tp5f_8500.wav	 2.788578
9	 16	 tt1t1f_8250.wav	 1.827063
9	 17	 tt1t3f_7250.wav	 1.734888
9	 18	 tt1tp5n_3500.wav	 1.186525
9	 19	 tt1t15f_8000.wav	 2.856755
9	 20	 tt1t6f_5750.wav	 3.978083
9	 21	 tt1t1n_3250.wav	 2.265176
9	 22	 tt1t25n_2500.wav	 4.071614
9	 23	 tt1t6n_750.wav	 1.750570
9	 24	 tt1t15n_3000.wav	 1.895454
9	 25	 tt1t25f_7500.wav	 3.328607
9	 26	 tt1t2f_7750.wav	 3.370041
9	 27	 tt1t3n_2250.wav	 2.750164
9	 28	 tt1t2n_2750.wav	 1.927342
9	 29	 tt1t2f_7750.wav	 2.269728
9	 30	 tt1t25f_7500.wav	 3.473549
9	 31	 tt1tp5f_8500.wav	 1.637653
9	 32	 tt1t15n_3000.wav	 2.225214
9	 33	 tt1t25n_2500.wav	 1.341104
9	 34	 tt1t3n_2250.wav	 1.656345
9	 35	 tt1t6n_750.wav	 2.068072
9	 36	 tt1t2n_2750.wav	 1.239686
9	 37	 tt1t15f_8000.wav	 2.912509
9	 38	 tt1tp5n_3500.wav	 1.775285
9	 39	 tt1t1f_8250.wav	 2.834795
9	 40	 tt1t3f_7250.wav	 3.566645
9	 41	 tt1t6f_5750.wav	 2.053497
9	 42	 tt1t1n_3250.wav	 1.161137
9	 43	 tt1t15f_8000.wav	 1.484767
9	 44	 tt1t2f_7750.wav	 2.920154
9	 45	 tt1t3n_2250.wav	 1.617355
9	 46	 tt1t25f_7500.wav	 3.909044
9	 47	 tt1t15n_3000.wav	 2.076102
9	 48	 tt1t25n_2500.wav	 1.490252
9	 49	 tt1t2n_2750.wav	 1.184528
9	 50	 tt1t1n_3250.wav	 1.241264
9	 51	 tt1tp5n_3500.wav	 1.316721
9	 52	 tt1tp5f_8500.wav	 1.492893
9	 53	 tt1t3f_7250.wav	 3.864668
9	 54	 tt1t6f_5750.wav	 2.842214
9	 55	 tt1t1f_8250.wav	 3.168747
9	 56	 tt1t6n_750.wav	 2.434214
9	 57	 tt1tp5n_3500.wav	 1.144565
9	 58	 tt1t25n_2500.wav	 1.715982
9	 59	 tt1t6f_5750.wav	 3.034185
9	 60	 tt1t2f_7750.wav	 2.590117
9	 61	 tt1t3f_7250.wav	 2.009882
9	 62	 tt1t1f_8250.wav	 1.685529
9	 63	 tt1t6n_750.wav	 1.049073
9	 64	 tt1t25f_7500.wav	 3.504419
9	 65	 tt1t15n_3000.wav	 1.604929
9	 66	 tt1t3n_2250.wav	 1.144640
9	 67	 tt1t15f_8000.wav	 3.014966
9	 68	 tt1t2n_2750.wav	 2.082943
9	 69	 tt1t1n_3250.wav	 1.158930
9	 70	 tt1tp5f_8500.wav	 1.303919
9	 71	 tt1tp5f_8500.wav	 1.670237
9	 72	 tt1tp5n_3500.wav	 1.303058
9	 73	 tt1t1f_8250.wav	 2.645438
9	 74	 tt1t25f_7500.wav	 1.854767
9	 75	 tt1t1n_3250.wav	 2.111749
9	 76	 tt1t2f_7750.wav	 1.238156
9	 77	 tt1t15f_8000.wav	 3.412543
9	 78	 tt1t2n_2750.wav	 2.120291
9	 79	 tt1t6f_5750.wav	 2.534833
9	 80	 tt1t15n_3000.wav	 2.919960
9	 81	 tt1t3f_7250.wav	 2.566580
9	 82	 tt1t6n_750.wav	 2.109065
9	 83	 tt1t25n_2500.wav	 1.731583
9	 84	 tt1t3n_2250.wav	 1.863156
9	 85	 tt1t25n_2500.wav	 2.752371
9	 86	 tt1t15f_8000.wav	 4.252119
9	 87	 tt1tp5f_8500.wav	 4.555306
9	 88	 tt1t3f_7250.wav	 1.666587
9	 89	 tt1t2n_2750.wav	 1.683498
9	 90	 tt1t3n_2250.wav	 1.721828
9	 91	 tt1tp5n_3500.wav	 1.466700
9	 92	 tt1t6n_750.wav	 1.678233
9	 93	 tt1t6f_5750.wav	 1.500589
9	 94	 tt1t25f_7500.wav	 7.320416
9	 95	 tt1t15n_3000.wav	 1.888562
9	 96	 tt1t2f_7750.wav	 3.374845
9	 97	 tt1t1f_8250.wav	 2.560296
9	 98	 tt1t1n_3250.wav	 1.182924
9	 99	 tt1t1f_8250.wav	 1.580945
9	 100	 tt1t1n_3250.wav	 1.848542
9	 101	 tt1t6f_5750.wav	 3.961699
9	 102	 tt1t2f_7750.wav	 3.237935
9	 103	 tt1t3n_2250.wav	 1.916926
9	 104	 tt1t6n_750.wav	 1.768547
9	 105	 tt1tp5n_3500.wav	 1.089572
9	 106	 tt1t15f_8000.wav	 4.215612
9	 107	 tt1t3f_7250.wav	 3.246624
9	 108	 tt1t25f_7500.wav	 2.488074
9	 109	 tt1t25n_2500.wav	 1.740085
9	 110	 tt1tp5f_8500.wav	 1.746736
9	 111	 tt1t2n_2750.wav	 1.368709
9	 112	 tt1t15n_3000.wav	 1.556168
9	 113	 tt1t2f_7750.wav	 3.440001
9	 114	 tt1t15f_8000.wav	 2.193463
9	 115	 tt1tp5n_3500.wav	 1.874608
9	 116	 tt1t15n_3000.wav	 1.416767
9	 117	 tt1t25n_2500.wav	 2.860300
9	 118	 tt1t25f_7500.wav	 1.645536
9	 119	 tt1t6f_5750.wav	 4.334675
9	 120	 tt1t1n_3250.wav	 2.341593
9	 121	 tt1t1f_8250.wav	 2.721677
9	 122	 tt1tp5f_8500.wav	 1.744096
9	 123	 tt1t3f_7250.wav	 3.438681
9	 124	 tt1t2n_2750.wav	 3.026625
9	 125	 tt1t6n_750.wav	 2.395955
9	 126	 tt1t3n_2250.wav	 2.282582
9	 127	 tt1t3n_2250.wav	 2.195815
9	 128	 tt1t1f_8250.wav	 2.453095
9	 129	 tt1t15f_8000.wav	 3.326096
9	 130	 tt1tp5f_8500.wav	 1.943638
9	 131	 tt1t3f_7250.wav	 2.421923
9	 132	 tt1t6n_750.wav	 2.209920
9	 133	 tt1t2f_7750.wav	 4.067327
9	 134	 tt1t2n_2750.wav	 2.356385
9	 135	 tt1t25f_7500.wav	 4.603040
9	 136	 tt1t6f_5750.wav	 3.237030
9	 137	 tt1t15n_3000.wav	 2.307872
9	 138	 tt1t25n_2500.wav	 1.850216
9	 139	 tt1t1n_3250.wav	 1.531207
9	 140	 tt1tp5n_3500.wav	 2.065323
